(kicad_pcb (version 20171130) (host pcbnew "(5.1.4)-1")

  (general
    (thickness 1.6)
    (drawings 7)
    (tracks 751)
    (zones 0)
    (modules 30)
    (nets 22)
  )

  (page A4)
  (layers
    (0 F.Cu signal)
    (31 B.Cu signal)
    (32 B.Adhes user)
    (33 F.Adhes user)
    (34 B.Paste user)
    (35 F.Paste user)
    (36 B.SilkS user)
    (37 F.SilkS user)
    (38 B.Mask user)
    (39 F.Mask user)
    (40 Dwgs.User user)
    (41 Cmts.User user)
    (42 Eco1.User user)
    (43 Eco2.User user)
    (44 Edge.Cuts user)
    (45 Margin user)
    (46 B.CrtYd user)
    (47 F.CrtYd user)
    (48 B.Fab user)
    (49 F.Fab user)
  )

  (setup
    (last_trace_width 0.4)
    (trace_clearance 0.4)
    (zone_clearance 0.508)
    (zone_45_only no)
    (trace_min 0.4)
    (via_size 1.6)
    (via_drill 0.8)
    (via_min_size 0.4)
    (via_min_drill 0.3)
    (uvia_size 0.3)
    (uvia_drill 0.1)
    (uvias_allowed no)
    (uvia_min_size 0.2)
    (uvia_min_drill 0.1)
    (edge_width 0.05)
    (segment_width 0.2)
    (pcb_text_width 0.3)
    (pcb_text_size 1.5 1.5)
    (mod_edge_width 0.12)
    (mod_text_size 1 1)
    (mod_text_width 0.15)
    (pad_size 1.6 1.6)
    (pad_drill 0.8)
    (pad_to_mask_clearance 0.051)
    (solder_mask_min_width 0.25)
    (aux_axis_origin 0 0)
    (grid_origin 171.45 60.96)
    (visible_elements 7FFFFFFF)
    (pcbplotparams
      (layerselection 0x09000_fffffffe)
      (usegerberextensions false)
      (usegerberattributes false)
      (usegerberadvancedattributes false)
      (creategerberjobfile false)
      (excludeedgelayer true)
      (linewidth 0.100000)
      (plotframeref false)
      (viasonmask false)
      (mode 1)
      (useauxorigin false)
      (hpglpennumber 1)
      (hpglpenspeed 20)
      (hpglpendiameter 15.000000)
      (psnegative false)
      (psa4output false)
      (plotreference true)
      (plotvalue true)
      (plotinvisibletext false)
      (padsonsilk false)
      (subtractmaskfromsilk false)
      (outputformat 2)
      (mirror false)
      (drillshape 0)
      (scaleselection 1)
      (outputdirectory "gerber/"))
  )

  (net 0 "")
  (net 1 GND)
  (net 2 VCC)
  (net 3 RS)
  (net 4 CLK)
  (net 5 RESET)
  (net 6 CE)
  (net 7 DOUTU1_TO_DINU2)
  (net 8 DOUTU2_TO_DINU3)
  (net 9 DOUTU3_TO_DINU4)
  (net 10 DOUTU4_TO_DINU5)
  (net 11 DOUTU5_TO_DINU6)
  (net 12 DOUTU6_TO_DINU7)
  (net 13 DOUTU7_TO_DINU8)
  (net 14 DOUTU8_TO_DINU9)
  (net 15 DOUTU9_TO_DINU10)
  (net 16 DIN_U1)
  (net 17 BTN_1)
  (net 18 BTN_2)
  (net 19 BTN_3)
  (net 20 BTN_4)
  (net 21 BTN_5)

  (net_class Default "This is the default net class."
    (clearance 0.4)
    (trace_width 0.4)
    (via_dia 1.6)
    (via_drill 0.8)
    (uvia_dia 0.3)
    (uvia_drill 0.1)
    (diff_pair_width 0.5)
    (diff_pair_gap 0.25)
    (add_net BTN_1)
    (add_net BTN_2)
    (add_net BTN_3)
    (add_net BTN_4)
    (add_net BTN_5)
    (add_net CE)
    (add_net CLK)
    (add_net DIN_U1)
    (add_net DOUTU1_TO_DINU2)
    (add_net DOUTU2_TO_DINU3)
    (add_net DOUTU3_TO_DINU4)
    (add_net DOUTU4_TO_DINU5)
    (add_net DOUTU5_TO_DINU6)
    (add_net DOUTU6_TO_DINU7)
    (add_net DOUTU7_TO_DINU8)
    (add_net DOUTU8_TO_DINU9)
    (add_net DOUTU9_TO_DINU10)
    (add_net GND)
    (add_net RESET)
    (add_net RS)
    (add_net VCC)
  )

  (module Pin_Headers:Pin_Header_Straight_1x07_Pitch2.54mm (layer F.Cu) (tedit 5D8163F3) (tstamp 5D8218E2)
    (at 189.23 33.02 90)
    (descr "Through hole straight pin header, 1x07, 2.54mm pitch, single row")
    (tags "Through hole pin header THT 1x07 2.54mm single row")
    (fp_text reference REF** (at 0 -2.33 90) (layer F.SilkS)
      (effects (font (size 1 1) (thickness 0.15)))
    )
    (fp_text value BUS (at 0 17.57 90) (layer F.Fab)
      (effects (font (size 1 1) (thickness 0.15)))
    )
    (fp_line (start -0.635 -1.27) (end 1.27 -1.27) (layer F.Fab) (width 0.1))
    (fp_line (start 1.27 -1.27) (end 1.27 16.51) (layer F.Fab) (width 0.1))
    (fp_line (start 1.27 16.51) (end -1.27 16.51) (layer F.Fab) (width 0.1))
    (fp_line (start -1.27 16.51) (end -1.27 -0.635) (layer F.Fab) (width 0.1))
    (fp_line (start -1.27 -0.635) (end -0.635 -1.27) (layer F.Fab) (width 0.1))
    (fp_line (start -1.33 16.57) (end 1.33 16.57) (layer F.SilkS) (width 0.12))
    (fp_line (start -1.33 1.27) (end -1.33 16.57) (layer F.SilkS) (width 0.12))
    (fp_line (start 1.33 1.27) (end 1.33 16.57) (layer F.SilkS) (width 0.12))
    (fp_line (start -1.33 1.27) (end 1.33 1.27) (layer F.SilkS) (width 0.12))
    (fp_line (start -1.33 0) (end -1.33 -1.33) (layer F.SilkS) (width 0.12))
    (fp_line (start -1.33 -1.33) (end 0 -1.33) (layer F.SilkS) (width 0.12))
    (fp_line (start -1.8 -1.8) (end -1.8 17.05) (layer F.CrtYd) (width 0.05))
    (fp_line (start -1.8 17.05) (end 1.8 17.05) (layer F.CrtYd) (width 0.05))
    (fp_line (start 1.8 17.05) (end 1.8 -1.8) (layer F.CrtYd) (width 0.05))
    (fp_line (start 1.8 -1.8) (end -1.8 -1.8) (layer F.CrtYd) (width 0.05))
    (fp_text user %R (at 0 7.62) (layer F.Fab)
      (effects (font (size 1 1) (thickness 0.15)))
    )
    (pad 1 thru_hole rect (at 0 0 90) (size 1.7 1.7) (drill 1) (layers *.Cu *.Mask)
      (net 1 GND))
    (pad 2 thru_hole oval (at 0 2.54 90) (size 1.7 1.7) (drill 1) (layers *.Cu *.Mask)
      (net 6 CE))
    (pad 3 thru_hole oval (at 0 5.08 90) (size 1.7 1.7) (drill 1) (layers *.Cu *.Mask)
      (net 2 VCC))
    (pad 4 thru_hole oval (at 0 7.62 90) (size 1.7 1.7) (drill 1) (layers *.Cu *.Mask)
      (net 5 RESET))
    (pad 5 thru_hole oval (at 0 10.16 90) (size 1.7 1.7) (drill 1) (layers *.Cu *.Mask)
      (net 16 DIN_U1))
    (pad 6 thru_hole oval (at 0 12.7 90) (size 1.7 1.7) (drill 1) (layers *.Cu *.Mask)
      (net 3 RS))
    (pad 7 thru_hole oval (at 0 15.24 90) (size 1.7 1.7) (drill 1) (layers *.Cu *.Mask)
      (net 4 CLK))
    (model ${KISYS3DMOD}/Pin_Headers.3dshapes/Pin_Header_Straight_1x07_Pitch2.54mm.wrl
      (at (xyz 0 0 0))
      (scale (xyz 1 1 1))
      (rotate (xyz 0 0 0))
    )
  )

  (module Capacitors_THT:CP_Radial_Tantal_D5.0mm_P5.00mm (layer F.Cu) (tedit 5D8214D8) (tstamp 5D821894)
    (at 172.72 78.74)
    (descr "CP, Radial_Tantal series, Radial, pin pitch=5.00mm, , diameter=5.0mm, Tantal Electrolytic Capacitor, http://cdn-reichelt.de/documents/datenblatt/B300/TANTAL-TB-Serie%23.pdf")
    (tags "CP Radial_Tantal series Radial pin pitch 5.00mm  diameter 5.0mm Tantal Electrolytic Capacitor")
    (fp_text reference REF** (at 2.5 -3.81) (layer F.SilkS)
      (effects (font (size 1 1) (thickness 0.15)))
    )
    (fp_text value CAP (at 2.5 3.81) (layer F.Fab)
      (effects (font (size 1 1) (thickness 0.15)))
    )
    (fp_text user %R (at 2.5 0) (layer F.Fab)
      (effects (font (size 1 1) (thickness 0.15)))
    )
    (fp_line (start 6.05 -2.85) (end -1.05 -2.85) (layer F.CrtYd) (width 0.05))
    (fp_line (start 6.05 2.85) (end 6.05 -2.85) (layer F.CrtYd) (width 0.05))
    (fp_line (start -1.05 2.85) (end 6.05 2.85) (layer F.CrtYd) (width 0.05))
    (fp_line (start -1.05 -2.85) (end -1.05 2.85) (layer F.CrtYd) (width 0.05))
    (fp_line (start -1.6 -0.65) (end -1.6 0.65) (layer F.SilkS) (width 0.12))
    (fp_line (start -2.2 0) (end -1 0) (layer F.SilkS) (width 0.12))
    (fp_line (start -1.6 -0.65) (end -1.6 0.65) (layer F.Fab) (width 0.1))
    (fp_line (start -2.2 0) (end -1 0) (layer F.Fab) (width 0.1))
    (fp_circle (center 2.5 0) (end 5 0) (layer F.Fab) (width 0.1))
    (fp_arc (start 2.5 0) (end 0.19442 1.18) (angle -125.8) (layer F.SilkS) (width 0.12))
    (fp_arc (start 2.5 0) (end 0.19442 -1.18) (angle 125.8) (layer F.SilkS) (width 0.12))
    (pad 2 thru_hole circle (at 5 0) (size 1.6 1.6) (drill 0.8) (layers *.Cu *.Mask)
      (net 1 GND))
    (pad 1 thru_hole rect (at 0 0) (size 1.6 1.6) (drill 0.8) (layers *.Cu *.Mask)
      (net 2 VCC))
    (model ${KISYS3DMOD}/Capacitors_THT.3dshapes/CP_Radial_Tantal_D5.0mm_P5.00mm.wrl
      (at (xyz 0 0 0))
      (scale (xyz 1 1 1))
      (rotate (xyz 0 0 0))
    )
  )

  (module Capacitors_THT:CP_Radial_Tantal_D5.0mm_P5.00mm (layer F.Cu) (tedit 5D8214D8) (tstamp 5D821872)
    (at 151.13 78.74)
    (descr "CP, Radial_Tantal series, Radial, pin pitch=5.00mm, , diameter=5.0mm, Tantal Electrolytic Capacitor, http://cdn-reichelt.de/documents/datenblatt/B300/TANTAL-TB-Serie%23.pdf")
    (tags "CP Radial_Tantal series Radial pin pitch 5.00mm  diameter 5.0mm Tantal Electrolytic Capacitor")
    (fp_text reference REF** (at 2.5 -3.81) (layer F.SilkS)
      (effects (font (size 1 1) (thickness 0.15)))
    )
    (fp_text value CAP (at 2.5 3.81) (layer F.Fab)
      (effects (font (size 1 1) (thickness 0.15)))
    )
    (fp_arc (start 2.5 0) (end 0.19442 -1.18) (angle 125.8) (layer F.SilkS) (width 0.12))
    (fp_arc (start 2.5 0) (end 0.19442 1.18) (angle -125.8) (layer F.SilkS) (width 0.12))
    (fp_circle (center 2.5 0) (end 5 0) (layer F.Fab) (width 0.1))
    (fp_line (start -2.2 0) (end -1 0) (layer F.Fab) (width 0.1))
    (fp_line (start -1.6 -0.65) (end -1.6 0.65) (layer F.Fab) (width 0.1))
    (fp_line (start -2.2 0) (end -1 0) (layer F.SilkS) (width 0.12))
    (fp_line (start -1.6 -0.65) (end -1.6 0.65) (layer F.SilkS) (width 0.12))
    (fp_line (start -1.05 -2.85) (end -1.05 2.85) (layer F.CrtYd) (width 0.05))
    (fp_line (start -1.05 2.85) (end 6.05 2.85) (layer F.CrtYd) (width 0.05))
    (fp_line (start 6.05 2.85) (end 6.05 -2.85) (layer F.CrtYd) (width 0.05))
    (fp_line (start 6.05 -2.85) (end -1.05 -2.85) (layer F.CrtYd) (width 0.05))
    (fp_text user %R (at 2.5 0) (layer F.Fab)
      (effects (font (size 1 1) (thickness 0.15)))
    )
    (pad 1 thru_hole rect (at 0 0) (size 1.6 1.6) (drill 0.8) (layers *.Cu *.Mask)
      (net 2 VCC))
    (pad 2 thru_hole circle (at 5 0) (size 1.6 1.6) (drill 0.8) (layers *.Cu *.Mask)
      (net 1 GND))
    (model ${KISYS3DMOD}/Capacitors_THT.3dshapes/CP_Radial_Tantal_D5.0mm_P5.00mm.wrl
      (at (xyz 0 0 0))
      (scale (xyz 1 1 1))
      (rotate (xyz 0 0 0))
    )
  )

  (module Capacitors_THT:CP_Radial_Tantal_D5.0mm_P5.00mm (layer F.Cu) (tedit 5D8214D8) (tstamp 5D821850)
    (at 110.49 78.74)
    (descr "CP, Radial_Tantal series, Radial, pin pitch=5.00mm, , diameter=5.0mm, Tantal Electrolytic Capacitor, http://cdn-reichelt.de/documents/datenblatt/B300/TANTAL-TB-Serie%23.pdf")
    (tags "CP Radial_Tantal series Radial pin pitch 5.00mm  diameter 5.0mm Tantal Electrolytic Capacitor")
    (fp_text reference REF** (at 2.5 -3.81) (layer F.SilkS)
      (effects (font (size 1 1) (thickness 0.15)))
    )
    (fp_text value CAP (at 2.5 3.81) (layer F.Fab)
      (effects (font (size 1 1) (thickness 0.15)))
    )
    (fp_text user %R (at 2.5 0) (layer F.Fab)
      (effects (font (size 1 1) (thickness 0.15)))
    )
    (fp_line (start 6.05 -2.85) (end -1.05 -2.85) (layer F.CrtYd) (width 0.05))
    (fp_line (start 6.05 2.85) (end 6.05 -2.85) (layer F.CrtYd) (width 0.05))
    (fp_line (start -1.05 2.85) (end 6.05 2.85) (layer F.CrtYd) (width 0.05))
    (fp_line (start -1.05 -2.85) (end -1.05 2.85) (layer F.CrtYd) (width 0.05))
    (fp_line (start -1.6 -0.65) (end -1.6 0.65) (layer F.SilkS) (width 0.12))
    (fp_line (start -2.2 0) (end -1 0) (layer F.SilkS) (width 0.12))
    (fp_line (start -1.6 -0.65) (end -1.6 0.65) (layer F.Fab) (width 0.1))
    (fp_line (start -2.2 0) (end -1 0) (layer F.Fab) (width 0.1))
    (fp_circle (center 2.5 0) (end 5 0) (layer F.Fab) (width 0.1))
    (fp_arc (start 2.5 0) (end 0.19442 1.18) (angle -125.8) (layer F.SilkS) (width 0.12))
    (fp_arc (start 2.5 0) (end 0.19442 -1.18) (angle 125.8) (layer F.SilkS) (width 0.12))
    (pad 2 thru_hole circle (at 5 0) (size 1.6 1.6) (drill 0.8) (layers *.Cu *.Mask)
      (net 1 GND))
    (pad 1 thru_hole rect (at 0 0) (size 1.6 1.6) (drill 0.8) (layers *.Cu *.Mask)
      (net 2 VCC))
    (model ${KISYS3DMOD}/Capacitors_THT.3dshapes/CP_Radial_Tantal_D5.0mm_P5.00mm.wrl
      (at (xyz 0 0 0))
      (scale (xyz 1 1 1))
      (rotate (xyz 0 0 0))
    )
  )

  (module Capacitors_THT:CP_Radial_Tantal_D5.0mm_P5.00mm (layer F.Cu) (tedit 5D8214D8) (tstamp 5D82182E)
    (at 88.9 78.74)
    (descr "CP, Radial_Tantal series, Radial, pin pitch=5.00mm, , diameter=5.0mm, Tantal Electrolytic Capacitor, http://cdn-reichelt.de/documents/datenblatt/B300/TANTAL-TB-Serie%23.pdf")
    (tags "CP Radial_Tantal series Radial pin pitch 5.00mm  diameter 5.0mm Tantal Electrolytic Capacitor")
    (fp_text reference REF** (at 2.5 -3.81) (layer F.SilkS)
      (effects (font (size 1 1) (thickness 0.15)))
    )
    (fp_text value CAP (at 2.5 3.81) (layer F.Fab)
      (effects (font (size 1 1) (thickness 0.15)))
    )
    (fp_arc (start 2.5 0) (end 0.19442 -1.18) (angle 125.8) (layer F.SilkS) (width 0.12))
    (fp_arc (start 2.5 0) (end 0.19442 1.18) (angle -125.8) (layer F.SilkS) (width 0.12))
    (fp_circle (center 2.5 0) (end 5 0) (layer F.Fab) (width 0.1))
    (fp_line (start -2.2 0) (end -1 0) (layer F.Fab) (width 0.1))
    (fp_line (start -1.6 -0.65) (end -1.6 0.65) (layer F.Fab) (width 0.1))
    (fp_line (start -2.2 0) (end -1 0) (layer F.SilkS) (width 0.12))
    (fp_line (start -1.6 -0.65) (end -1.6 0.65) (layer F.SilkS) (width 0.12))
    (fp_line (start -1.05 -2.85) (end -1.05 2.85) (layer F.CrtYd) (width 0.05))
    (fp_line (start -1.05 2.85) (end 6.05 2.85) (layer F.CrtYd) (width 0.05))
    (fp_line (start 6.05 2.85) (end 6.05 -2.85) (layer F.CrtYd) (width 0.05))
    (fp_line (start 6.05 -2.85) (end -1.05 -2.85) (layer F.CrtYd) (width 0.05))
    (fp_text user %R (at 2.5 0) (layer F.Fab)
      (effects (font (size 1 1) (thickness 0.15)))
    )
    (pad 1 thru_hole rect (at 0 0) (size 1.6 1.6) (drill 0.8) (layers *.Cu *.Mask)
      (net 2 VCC))
    (pad 2 thru_hole circle (at 5 0) (size 1.6 1.6) (drill 0.8) (layers *.Cu *.Mask)
      (net 1 GND))
    (model ${KISYS3DMOD}/Capacitors_THT.3dshapes/CP_Radial_Tantal_D5.0mm_P5.00mm.wrl
      (at (xyz 0 0 0))
      (scale (xyz 1 1 1))
      (rotate (xyz 0 0 0))
    )
  )

  (module Capacitors_THT:CP_Radial_Tantal_D5.0mm_P5.00mm (layer F.Cu) (tedit 5D8214D8) (tstamp 5D8217C5)
    (at 149.86 33.02)
    (descr "CP, Radial_Tantal series, Radial, pin pitch=5.00mm, , diameter=5.0mm, Tantal Electrolytic Capacitor, http://cdn-reichelt.de/documents/datenblatt/B300/TANTAL-TB-Serie%23.pdf")
    (tags "CP Radial_Tantal series Radial pin pitch 5.00mm  diameter 5.0mm Tantal Electrolytic Capacitor")
    (fp_text reference REF** (at 2.5 -3.81) (layer F.SilkS)
      (effects (font (size 1 1) (thickness 0.15)))
    )
    (fp_text value CAP (at 2.5 3.81) (layer F.Fab)
      (effects (font (size 1 1) (thickness 0.15)))
    )
    (fp_text user %R (at 2.5 0) (layer F.Fab)
      (effects (font (size 1 1) (thickness 0.15)))
    )
    (fp_line (start 6.05 -2.85) (end -1.05 -2.85) (layer F.CrtYd) (width 0.05))
    (fp_line (start 6.05 2.85) (end 6.05 -2.85) (layer F.CrtYd) (width 0.05))
    (fp_line (start -1.05 2.85) (end 6.05 2.85) (layer F.CrtYd) (width 0.05))
    (fp_line (start -1.05 -2.85) (end -1.05 2.85) (layer F.CrtYd) (width 0.05))
    (fp_line (start -1.6 -0.65) (end -1.6 0.65) (layer F.SilkS) (width 0.12))
    (fp_line (start -2.2 0) (end -1 0) (layer F.SilkS) (width 0.12))
    (fp_line (start -1.6 -0.65) (end -1.6 0.65) (layer F.Fab) (width 0.1))
    (fp_line (start -2.2 0) (end -1 0) (layer F.Fab) (width 0.1))
    (fp_circle (center 2.5 0) (end 5 0) (layer F.Fab) (width 0.1))
    (fp_arc (start 2.5 0) (end 0.19442 1.18) (angle -125.8) (layer F.SilkS) (width 0.12))
    (fp_arc (start 2.5 0) (end 0.19442 -1.18) (angle 125.8) (layer F.SilkS) (width 0.12))
    (pad 2 thru_hole circle (at 5 0) (size 1.6 1.6) (drill 0.8) (layers *.Cu *.Mask)
      (net 1 GND))
    (pad 1 thru_hole rect (at 0 0) (size 1.6 1.6) (drill 0.8) (layers *.Cu *.Mask)
      (net 2 VCC))
    (model ${KISYS3DMOD}/Capacitors_THT.3dshapes/CP_Radial_Tantal_D5.0mm_P5.00mm.wrl
      (at (xyz 0 0 0))
      (scale (xyz 1 1 1))
      (rotate (xyz 0 0 0))
    )
  )

  (module Capacitors_THT:CP_Radial_Tantal_D5.0mm_P5.00mm (layer F.Cu) (tedit 5D8214D8) (tstamp 5D822877)
    (at 175.26 33.02)
    (descr "CP, Radial_Tantal series, Radial, pin pitch=5.00mm, , diameter=5.0mm, Tantal Electrolytic Capacitor, http://cdn-reichelt.de/documents/datenblatt/B300/TANTAL-TB-Serie%23.pdf")
    (tags "CP Radial_Tantal series Radial pin pitch 5.00mm  diameter 5.0mm Tantal Electrolytic Capacitor")
    (fp_text reference REF** (at 2.5 -3.81) (layer F.SilkS)
      (effects (font (size 1 1) (thickness 0.15)))
    )
    (fp_text value CAP (at 2.5 3.81) (layer F.Fab)
      (effects (font (size 1 1) (thickness 0.15)))
    )
    (fp_arc (start 2.5 0) (end 0.19442 -1.18) (angle 125.8) (layer F.SilkS) (width 0.12))
    (fp_arc (start 2.5 0) (end 0.19442 1.18) (angle -125.8) (layer F.SilkS) (width 0.12))
    (fp_circle (center 2.5 0) (end 5 0) (layer F.Fab) (width 0.1))
    (fp_line (start -2.2 0) (end -1 0) (layer F.Fab) (width 0.1))
    (fp_line (start -1.6 -0.65) (end -1.6 0.65) (layer F.Fab) (width 0.1))
    (fp_line (start -2.2 0) (end -1 0) (layer F.SilkS) (width 0.12))
    (fp_line (start -1.6 -0.65) (end -1.6 0.65) (layer F.SilkS) (width 0.12))
    (fp_line (start -1.05 -2.85) (end -1.05 2.85) (layer F.CrtYd) (width 0.05))
    (fp_line (start -1.05 2.85) (end 6.05 2.85) (layer F.CrtYd) (width 0.05))
    (fp_line (start 6.05 2.85) (end 6.05 -2.85) (layer F.CrtYd) (width 0.05))
    (fp_line (start 6.05 -2.85) (end -1.05 -2.85) (layer F.CrtYd) (width 0.05))
    (fp_text user %R (at 2.5 0) (layer F.Fab)
      (effects (font (size 1 1) (thickness 0.15)))
    )
    (pad 1 thru_hole rect (at 0 0) (size 1.6 1.6) (drill 0.8) (layers *.Cu *.Mask)
      (net 2 VCC))
    (pad 2 thru_hole circle (at 5 0) (size 1.6 1.6) (drill 0.8) (layers *.Cu *.Mask)
      (net 1 GND))
    (model ${KISYS3DMOD}/Capacitors_THT.3dshapes/CP_Radial_Tantal_D5.0mm_P5.00mm.wrl
      (at (xyz 0 0 0))
      (scale (xyz 1 1 1))
      (rotate (xyz 0 0 0))
    )
  )

  (module Capacitors_THT:CP_Radial_Tantal_D5.0mm_P5.00mm (layer F.Cu) (tedit 5D8214D8) (tstamp 5D821781)
    (at 172.72 55.88)
    (descr "CP, Radial_Tantal series, Radial, pin pitch=5.00mm, , diameter=5.0mm, Tantal Electrolytic Capacitor, http://cdn-reichelt.de/documents/datenblatt/B300/TANTAL-TB-Serie%23.pdf")
    (tags "CP Radial_Tantal series Radial pin pitch 5.00mm  diameter 5.0mm Tantal Electrolytic Capacitor")
    (fp_text reference REF** (at 2.5 -3.81) (layer F.SilkS)
      (effects (font (size 1 1) (thickness 0.15)))
    )
    (fp_text value CAP (at 2.5 3.81) (layer F.Fab)
      (effects (font (size 1 1) (thickness 0.15)))
    )
    (fp_text user %R (at 2.5 0) (layer F.Fab)
      (effects (font (size 1 1) (thickness 0.15)))
    )
    (fp_line (start 6.05 -2.85) (end -1.05 -2.85) (layer F.CrtYd) (width 0.05))
    (fp_line (start 6.05 2.85) (end 6.05 -2.85) (layer F.CrtYd) (width 0.05))
    (fp_line (start -1.05 2.85) (end 6.05 2.85) (layer F.CrtYd) (width 0.05))
    (fp_line (start -1.05 -2.85) (end -1.05 2.85) (layer F.CrtYd) (width 0.05))
    (fp_line (start -1.6 -0.65) (end -1.6 0.65) (layer F.SilkS) (width 0.12))
    (fp_line (start -2.2 0) (end -1 0) (layer F.SilkS) (width 0.12))
    (fp_line (start -1.6 -0.65) (end -1.6 0.65) (layer F.Fab) (width 0.1))
    (fp_line (start -2.2 0) (end -1 0) (layer F.Fab) (width 0.1))
    (fp_circle (center 2.5 0) (end 5 0) (layer F.Fab) (width 0.1))
    (fp_arc (start 2.5 0) (end 0.19442 1.18) (angle -125.8) (layer F.SilkS) (width 0.12))
    (fp_arc (start 2.5 0) (end 0.19442 -1.18) (angle 125.8) (layer F.SilkS) (width 0.12))
    (pad 2 thru_hole circle (at 5 0) (size 1.6 1.6) (drill 0.8) (layers *.Cu *.Mask)
      (net 1 GND))
    (pad 1 thru_hole rect (at 0 0) (size 1.6 1.6) (drill 0.8) (layers *.Cu *.Mask)
      (net 2 VCC))
    (model ${KISYS3DMOD}/Capacitors_THT.3dshapes/CP_Radial_Tantal_D5.0mm_P5.00mm.wrl
      (at (xyz 0 0 0))
      (scale (xyz 1 1 1))
      (rotate (xyz 0 0 0))
    )
  )

  (module Capacitors_THT:CP_Radial_Tantal_D5.0mm_P5.00mm (layer F.Cu) (tedit 5D8214D8) (tstamp 5D82175F)
    (at 151.13 55.88)
    (descr "CP, Radial_Tantal series, Radial, pin pitch=5.00mm, , diameter=5.0mm, Tantal Electrolytic Capacitor, http://cdn-reichelt.de/documents/datenblatt/B300/TANTAL-TB-Serie%23.pdf")
    (tags "CP Radial_Tantal series Radial pin pitch 5.00mm  diameter 5.0mm Tantal Electrolytic Capacitor")
    (fp_text reference REF** (at 2.5 -3.81) (layer F.SilkS)
      (effects (font (size 1 1) (thickness 0.15)))
    )
    (fp_text value CAP (at 2.5 3.81) (layer F.Fab)
      (effects (font (size 1 1) (thickness 0.15)))
    )
    (fp_arc (start 2.5 0) (end 0.19442 -1.18) (angle 125.8) (layer F.SilkS) (width 0.12))
    (fp_arc (start 2.5 0) (end 0.19442 1.18) (angle -125.8) (layer F.SilkS) (width 0.12))
    (fp_circle (center 2.5 0) (end 5 0) (layer F.Fab) (width 0.1))
    (fp_line (start -2.2 0) (end -1 0) (layer F.Fab) (width 0.1))
    (fp_line (start -1.6 -0.65) (end -1.6 0.65) (layer F.Fab) (width 0.1))
    (fp_line (start -2.2 0) (end -1 0) (layer F.SilkS) (width 0.12))
    (fp_line (start -1.6 -0.65) (end -1.6 0.65) (layer F.SilkS) (width 0.12))
    (fp_line (start -1.05 -2.85) (end -1.05 2.85) (layer F.CrtYd) (width 0.05))
    (fp_line (start -1.05 2.85) (end 6.05 2.85) (layer F.CrtYd) (width 0.05))
    (fp_line (start 6.05 2.85) (end 6.05 -2.85) (layer F.CrtYd) (width 0.05))
    (fp_line (start 6.05 -2.85) (end -1.05 -2.85) (layer F.CrtYd) (width 0.05))
    (fp_text user %R (at 2.5 0) (layer F.Fab)
      (effects (font (size 1 1) (thickness 0.15)))
    )
    (pad 1 thru_hole rect (at 0 0) (size 1.6 1.6) (drill 0.8) (layers *.Cu *.Mask)
      (net 2 VCC))
    (pad 2 thru_hole circle (at 5 0) (size 1.6 1.6) (drill 0.8) (layers *.Cu *.Mask)
      (net 1 GND))
    (model ${KISYS3DMOD}/Capacitors_THT.3dshapes/CP_Radial_Tantal_D5.0mm_P5.00mm.wrl
      (at (xyz 0 0 0))
      (scale (xyz 1 1 1))
      (rotate (xyz 0 0 0))
    )
  )

  (module Capacitors_THT:CP_Radial_Tantal_D5.0mm_P5.00mm (layer F.Cu) (tedit 5D8214D8) (tstamp 5D82173D)
    (at 110.49 55.88)
    (descr "CP, Radial_Tantal series, Radial, pin pitch=5.00mm, , diameter=5.0mm, Tantal Electrolytic Capacitor, http://cdn-reichelt.de/documents/datenblatt/B300/TANTAL-TB-Serie%23.pdf")
    (tags "CP Radial_Tantal series Radial pin pitch 5.00mm  diameter 5.0mm Tantal Electrolytic Capacitor")
    (fp_text reference REF** (at 2.5 -3.81) (layer F.SilkS)
      (effects (font (size 1 1) (thickness 0.15)))
    )
    (fp_text value CAP (at 2.5 3.81) (layer F.Fab)
      (effects (font (size 1 1) (thickness 0.15)))
    )
    (fp_text user %R (at 2.5 0) (layer F.Fab)
      (effects (font (size 1 1) (thickness 0.15)))
    )
    (fp_line (start 6.05 -2.85) (end -1.05 -2.85) (layer F.CrtYd) (width 0.05))
    (fp_line (start 6.05 2.85) (end 6.05 -2.85) (layer F.CrtYd) (width 0.05))
    (fp_line (start -1.05 2.85) (end 6.05 2.85) (layer F.CrtYd) (width 0.05))
    (fp_line (start -1.05 -2.85) (end -1.05 2.85) (layer F.CrtYd) (width 0.05))
    (fp_line (start -1.6 -0.65) (end -1.6 0.65) (layer F.SilkS) (width 0.12))
    (fp_line (start -2.2 0) (end -1 0) (layer F.SilkS) (width 0.12))
    (fp_line (start -1.6 -0.65) (end -1.6 0.65) (layer F.Fab) (width 0.1))
    (fp_line (start -2.2 0) (end -1 0) (layer F.Fab) (width 0.1))
    (fp_circle (center 2.5 0) (end 5 0) (layer F.Fab) (width 0.1))
    (fp_arc (start 2.5 0) (end 0.19442 1.18) (angle -125.8) (layer F.SilkS) (width 0.12))
    (fp_arc (start 2.5 0) (end 0.19442 -1.18) (angle 125.8) (layer F.SilkS) (width 0.12))
    (pad 2 thru_hole circle (at 5 0) (size 1.6 1.6) (drill 0.8) (layers *.Cu *.Mask)
      (net 1 GND))
    (pad 1 thru_hole rect (at 0 0) (size 1.6 1.6) (drill 0.8) (layers *.Cu *.Mask)
      (net 2 VCC))
    (model ${KISYS3DMOD}/Capacitors_THT.3dshapes/CP_Radial_Tantal_D5.0mm_P5.00mm.wrl
      (at (xyz 0 0 0))
      (scale (xyz 1 1 1))
      (rotate (xyz 0 0 0))
    )
  )

  (module Capacitors_THT:CP_Radial_Tantal_D5.0mm_P5.00mm (layer F.Cu) (tedit 5D8214D8) (tstamp 5D8214CD)
    (at 88.9 55.88)
    (descr "CP, Radial_Tantal series, Radial, pin pitch=5.00mm, , diameter=5.0mm, Tantal Electrolytic Capacitor, http://cdn-reichelt.de/documents/datenblatt/B300/TANTAL-TB-Serie%23.pdf")
    (tags "CP Radial_Tantal series Radial pin pitch 5.00mm  diameter 5.0mm Tantal Electrolytic Capacitor")
    (fp_text reference REF** (at 2.5 -3.81) (layer F.SilkS)
      (effects (font (size 1 1) (thickness 0.15)))
    )
    (fp_text value CAP (at 2.5 3.81) (layer F.Fab)
      (effects (font (size 1 1) (thickness 0.15)))
    )
    (fp_arc (start 2.5 0) (end 0.19442 -1.18) (angle 125.8) (layer F.SilkS) (width 0.12))
    (fp_arc (start 2.5 0) (end 0.19442 1.18) (angle -125.8) (layer F.SilkS) (width 0.12))
    (fp_circle (center 2.5 0) (end 5 0) (layer F.Fab) (width 0.1))
    (fp_line (start -2.2 0) (end -1 0) (layer F.Fab) (width 0.1))
    (fp_line (start -1.6 -0.65) (end -1.6 0.65) (layer F.Fab) (width 0.1))
    (fp_line (start -2.2 0) (end -1 0) (layer F.SilkS) (width 0.12))
    (fp_line (start -1.6 -0.65) (end -1.6 0.65) (layer F.SilkS) (width 0.12))
    (fp_line (start -1.05 -2.85) (end -1.05 2.85) (layer F.CrtYd) (width 0.05))
    (fp_line (start -1.05 2.85) (end 6.05 2.85) (layer F.CrtYd) (width 0.05))
    (fp_line (start 6.05 2.85) (end 6.05 -2.85) (layer F.CrtYd) (width 0.05))
    (fp_line (start 6.05 -2.85) (end -1.05 -2.85) (layer F.CrtYd) (width 0.05))
    (fp_text user %R (at 2.5 0) (layer F.Fab)
      (effects (font (size 1 1) (thickness 0.15)))
    )
    (pad 1 thru_hole rect (at 0 0) (size 1.6 1.6) (drill 0.8) (layers *.Cu *.Mask)
      (net 2 VCC))
    (pad 2 thru_hole circle (at 5 0) (size 1.6 1.6) (drill 0.8) (layers *.Cu *.Mask)
      (net 1 GND))
    (model ${KISYS3DMOD}/Capacitors_THT.3dshapes/CP_Radial_Tantal_D5.0mm_P5.00mm.wrl
      (at (xyz 0 0 0))
      (scale (xyz 1 1 1))
      (rotate (xyz 0 0 0))
    )
  )

  (module Pin_Headers:Pin_Header_Straight_1x05_Pitch2.54mm (layer F.Cu) (tedit 5D816BE9) (tstamp 5D822CFD)
    (at 115.57 33.02 90)
    (descr "Through hole straight pin header, 1x05, 2.54mm pitch, single row")
    (tags "Through hole pin header THT 1x05 2.54mm single row")
    (fp_text reference REF** (at 0 -2.33 90) (layer F.SilkS)
      (effects (font (size 1 1) (thickness 0.15)))
    )
    (fp_text value BUTTONS (at 0 12.49 90) (layer F.Fab)
      (effects (font (size 1 1) (thickness 0.15)))
    )
    (fp_line (start -0.635 -1.27) (end 1.27 -1.27) (layer F.Fab) (width 0.1))
    (fp_line (start 1.27 -1.27) (end 1.27 11.43) (layer F.Fab) (width 0.1))
    (fp_line (start 1.27 11.43) (end -1.27 11.43) (layer F.Fab) (width 0.1))
    (fp_line (start -1.27 11.43) (end -1.27 -0.635) (layer F.Fab) (width 0.1))
    (fp_line (start -1.27 -0.635) (end -0.635 -1.27) (layer F.Fab) (width 0.1))
    (fp_line (start -1.33 11.49) (end 1.33 11.49) (layer F.SilkS) (width 0.12))
    (fp_line (start -1.33 1.27) (end -1.33 11.49) (layer F.SilkS) (width 0.12))
    (fp_line (start 1.33 1.27) (end 1.33 11.49) (layer F.SilkS) (width 0.12))
    (fp_line (start -1.33 1.27) (end 1.33 1.27) (layer F.SilkS) (width 0.12))
    (fp_line (start -1.33 0) (end -1.33 -1.33) (layer F.SilkS) (width 0.12))
    (fp_line (start -1.33 -1.33) (end 0 -1.33) (layer F.SilkS) (width 0.12))
    (fp_line (start -1.8 -1.8) (end -1.8 11.95) (layer F.CrtYd) (width 0.05))
    (fp_line (start -1.8 11.95) (end 1.8 11.95) (layer F.CrtYd) (width 0.05))
    (fp_line (start 1.8 11.95) (end 1.8 -1.8) (layer F.CrtYd) (width 0.05))
    (fp_line (start 1.8 -1.8) (end -1.8 -1.8) (layer F.CrtYd) (width 0.05))
    (fp_text user %R (at 0 5.08) (layer F.Fab)
      (effects (font (size 1 1) (thickness 0.15)))
    )
    (pad 1 thru_hole rect (at 0 0 90) (size 1.7 1.7) (drill 1) (layers *.Cu *.Mask)
      (net 21 BTN_5))
    (pad 2 thru_hole oval (at 0 2.54 90) (size 1.7 1.7) (drill 1) (layers *.Cu *.Mask)
      (net 20 BTN_4))
    (pad 3 thru_hole oval (at 0 5.08 90) (size 1.7 1.7) (drill 1) (layers *.Cu *.Mask)
      (net 19 BTN_3))
    (pad 4 thru_hole oval (at 0 7.62 90) (size 1.7 1.7) (drill 1) (layers *.Cu *.Mask)
      (net 18 BTN_2))
    (pad 5 thru_hole oval (at 0 10.16 90) (size 1.7 1.7) (drill 1) (layers *.Cu *.Mask)
      (net 17 BTN_1))
    (model ${KISYS3DMOD}/Pin_Headers.3dshapes/Pin_Header_Straight_1x05_Pitch2.54mm.wrl
      (at (xyz 0 0 0))
      (scale (xyz 1 1 1))
      (rotate (xyz 0 0 0))
    )
  )

  (module Pin_Headers:Pin_Header_Straight_1x07_Pitch2.54mm (layer F.Cu) (tedit 5D8163F3) (tstamp 5D8163D0)
    (at 189.23 38.1 90)
    (descr "Through hole straight pin header, 1x07, 2.54mm pitch, single row")
    (tags "Through hole pin header THT 1x07 2.54mm single row")
    (fp_text reference REF** (at 0 -2.33 90) (layer F.SilkS)
      (effects (font (size 1 1) (thickness 0.15)))
    )
    (fp_text value BUS (at 0 17.57 90) (layer F.Fab)
      (effects (font (size 1 1) (thickness 0.15)))
    )
    (fp_text user %R (at 0 7.62) (layer F.Fab)
      (effects (font (size 1 1) (thickness 0.15)))
    )
    (fp_line (start 1.8 -1.8) (end -1.8 -1.8) (layer F.CrtYd) (width 0.05))
    (fp_line (start 1.8 17.05) (end 1.8 -1.8) (layer F.CrtYd) (width 0.05))
    (fp_line (start -1.8 17.05) (end 1.8 17.05) (layer F.CrtYd) (width 0.05))
    (fp_line (start -1.8 -1.8) (end -1.8 17.05) (layer F.CrtYd) (width 0.05))
    (fp_line (start -1.33 -1.33) (end 0 -1.33) (layer F.SilkS) (width 0.12))
    (fp_line (start -1.33 0) (end -1.33 -1.33) (layer F.SilkS) (width 0.12))
    (fp_line (start -1.33 1.27) (end 1.33 1.27) (layer F.SilkS) (width 0.12))
    (fp_line (start 1.33 1.27) (end 1.33 16.57) (layer F.SilkS) (width 0.12))
    (fp_line (start -1.33 1.27) (end -1.33 16.57) (layer F.SilkS) (width 0.12))
    (fp_line (start -1.33 16.57) (end 1.33 16.57) (layer F.SilkS) (width 0.12))
    (fp_line (start -1.27 -0.635) (end -0.635 -1.27) (layer F.Fab) (width 0.1))
    (fp_line (start -1.27 16.51) (end -1.27 -0.635) (layer F.Fab) (width 0.1))
    (fp_line (start 1.27 16.51) (end -1.27 16.51) (layer F.Fab) (width 0.1))
    (fp_line (start 1.27 -1.27) (end 1.27 16.51) (layer F.Fab) (width 0.1))
    (fp_line (start -0.635 -1.27) (end 1.27 -1.27) (layer F.Fab) (width 0.1))
    (pad 7 thru_hole oval (at 0 15.24 90) (size 1.7 1.7) (drill 1) (layers *.Cu *.Mask)
      (net 4 CLK))
    (pad 6 thru_hole oval (at 0 12.7 90) (size 1.7 1.7) (drill 1) (layers *.Cu *.Mask)
      (net 3 RS))
    (pad 5 thru_hole oval (at 0 10.16 90) (size 1.7 1.7) (drill 1) (layers *.Cu *.Mask)
      (net 16 DIN_U1))
    (pad 4 thru_hole oval (at 0 7.62 90) (size 1.7 1.7) (drill 1) (layers *.Cu *.Mask)
      (net 5 RESET))
    (pad 3 thru_hole oval (at 0 5.08 90) (size 1.7 1.7) (drill 1) (layers *.Cu *.Mask)
      (net 2 VCC))
    (pad 2 thru_hole oval (at 0 2.54 90) (size 1.7 1.7) (drill 1) (layers *.Cu *.Mask)
      (net 6 CE))
    (pad 1 thru_hole rect (at 0 0 90) (size 1.7 1.7) (drill 1) (layers *.Cu *.Mask)
      (net 1 GND))
    (model ${KISYS3DMOD}/Pin_Headers.3dshapes/Pin_Header_Straight_1x07_Pitch2.54mm.wrl
      (at (xyz 0 0 0))
      (scale (xyz 1 1 1))
      (rotate (xyz 0 0 0))
    )
  )

  (module Pin_Headers:Pin_Header_Straight_1x07_Pitch2.54mm (layer F.Cu) (tedit 5D816E43) (tstamp 5D81639C)
    (at 189.23 83.82 90)
    (descr "Through hole straight pin header, 1x07, 2.54mm pitch, single row")
    (tags "Through hole pin header THT 1x07 2.54mm single row")
    (fp_text reference REF** (at 0 -2.33 90) (layer F.SilkS)
      (effects (font (size 1 1) (thickness 0.15)))
    )
    (fp_text value BUS (at 0 17.57 90) (layer F.Fab)
      (effects (font (size 1 1) (thickness 0.15)))
    )
    (fp_line (start -0.635 -1.27) (end 1.27 -1.27) (layer F.Fab) (width 0.1))
    (fp_line (start 1.27 -1.27) (end 1.27 16.51) (layer F.Fab) (width 0.1))
    (fp_line (start 1.27 16.51) (end -1.27 16.51) (layer F.Fab) (width 0.1))
    (fp_line (start -1.27 16.51) (end -1.27 -0.635) (layer F.Fab) (width 0.1))
    (fp_line (start -1.27 -0.635) (end -0.635 -1.27) (layer F.Fab) (width 0.1))
    (fp_line (start -1.33 16.57) (end 1.33 16.57) (layer F.SilkS) (width 0.12))
    (fp_line (start -1.33 1.27) (end -1.33 16.57) (layer F.SilkS) (width 0.12))
    (fp_line (start 1.33 1.27) (end 1.33 16.57) (layer F.SilkS) (width 0.12))
    (fp_line (start -1.33 1.27) (end 1.33 1.27) (layer F.SilkS) (width 0.12))
    (fp_line (start -1.33 0) (end -1.33 -1.33) (layer F.SilkS) (width 0.12))
    (fp_line (start -1.33 -1.33) (end 0 -1.33) (layer F.SilkS) (width 0.12))
    (fp_line (start -1.8 -1.8) (end -1.8 17.05) (layer F.CrtYd) (width 0.05))
    (fp_line (start -1.8 17.05) (end 1.8 17.05) (layer F.CrtYd) (width 0.05))
    (fp_line (start 1.8 17.05) (end 1.8 -1.8) (layer F.CrtYd) (width 0.05))
    (fp_line (start 1.8 -1.8) (end -1.8 -1.8) (layer F.CrtYd) (width 0.05))
    (fp_text user %R (at 0 7.62) (layer F.Fab)
      (effects (font (size 1 1) (thickness 0.15)))
    )
    (pad 1 thru_hole rect (at 0 0 90) (size 1.7 1.7) (drill 1) (layers *.Cu *.Mask)
      (net 1 GND))
    (pad 2 thru_hole oval (at 0 2.54 90) (size 1.7 1.7) (drill 1) (layers *.Cu *.Mask)
      (net 6 CE))
    (pad 3 thru_hole oval (at 0 5.08 90) (size 1.7 1.7) (drill 1) (layers *.Cu *.Mask)
      (net 2 VCC))
    (pad 4 thru_hole oval (at 0 7.62 90) (size 1.7 1.7) (drill 1) (layers *.Cu *.Mask)
      (net 5 RESET))
    (pad 5 thru_hole oval (at 0 10.16 90) (size 1.7 1.7) (drill 1) (layers *.Cu *.Mask)
      (net 12 DOUTU6_TO_DINU7))
    (pad 6 thru_hole oval (at 0 12.7 90) (size 1.7 1.7) (drill 1) (layers *.Cu *.Mask)
      (net 3 RS))
    (pad 7 thru_hole oval (at 0 15.24 90) (size 1.7 1.7) (drill 1) (layers *.Cu *.Mask)
      (net 4 CLK))
    (model ${KISYS3DMOD}/Pin_Headers.3dshapes/Pin_Header_Straight_1x07_Pitch2.54mm.wrl
      (at (xyz 0 0 0))
      (scale (xyz 1 1 1))
      (rotate (xyz 0 0 0))
    )
  )

  (module Pin_Headers:Pin_Header_Straight_1x07_Pitch2.54mm (layer F.Cu) (tedit 5D816DD7) (tstamp 5D816368)
    (at 189.23 60.96 90)
    (descr "Through hole straight pin header, 1x07, 2.54mm pitch, single row")
    (tags "Through hole pin header THT 1x07 2.54mm single row")
    (fp_text reference REF** (at 0 -2.33 90) (layer F.SilkS)
      (effects (font (size 1 1) (thickness 0.15)))
    )
    (fp_text value BUS (at 0 17.57 90) (layer F.Fab)
      (effects (font (size 1 1) (thickness 0.15)))
    )
    (fp_text user %R (at 0 7.62) (layer F.Fab)
      (effects (font (size 1 1) (thickness 0.15)))
    )
    (fp_line (start 1.8 -1.8) (end -1.8 -1.8) (layer F.CrtYd) (width 0.05))
    (fp_line (start 1.8 17.05) (end 1.8 -1.8) (layer F.CrtYd) (width 0.05))
    (fp_line (start -1.8 17.05) (end 1.8 17.05) (layer F.CrtYd) (width 0.05))
    (fp_line (start -1.8 -1.8) (end -1.8 17.05) (layer F.CrtYd) (width 0.05))
    (fp_line (start -1.33 -1.33) (end 0 -1.33) (layer F.SilkS) (width 0.12))
    (fp_line (start -1.33 0) (end -1.33 -1.33) (layer F.SilkS) (width 0.12))
    (fp_line (start -1.33 1.27) (end 1.33 1.27) (layer F.SilkS) (width 0.12))
    (fp_line (start 1.33 1.27) (end 1.33 16.57) (layer F.SilkS) (width 0.12))
    (fp_line (start -1.33 1.27) (end -1.33 16.57) (layer F.SilkS) (width 0.12))
    (fp_line (start -1.33 16.57) (end 1.33 16.57) (layer F.SilkS) (width 0.12))
    (fp_line (start -1.27 -0.635) (end -0.635 -1.27) (layer F.Fab) (width 0.1))
    (fp_line (start -1.27 16.51) (end -1.27 -0.635) (layer F.Fab) (width 0.1))
    (fp_line (start 1.27 16.51) (end -1.27 16.51) (layer F.Fab) (width 0.1))
    (fp_line (start 1.27 -1.27) (end 1.27 16.51) (layer F.Fab) (width 0.1))
    (fp_line (start -0.635 -1.27) (end 1.27 -1.27) (layer F.Fab) (width 0.1))
    (pad 7 thru_hole oval (at 0 15.24 90) (size 1.7 1.7) (drill 1) (layers *.Cu *.Mask)
      (net 4 CLK))
    (pad 6 thru_hole oval (at 0 12.7 90) (size 1.7 1.7) (drill 1) (layers *.Cu *.Mask)
      (net 3 RS))
    (pad 5 thru_hole oval (at 0 10.16 90) (size 1.7 1.7) (drill 1) (layers *.Cu *.Mask)
      (net 8 DOUTU2_TO_DINU3))
    (pad 4 thru_hole oval (at 0 7.62 90) (size 1.7 1.7) (drill 1) (layers *.Cu *.Mask)
      (net 5 RESET))
    (pad 3 thru_hole oval (at 0 5.08 90) (size 1.7 1.7) (drill 1) (layers *.Cu *.Mask)
      (net 2 VCC))
    (pad 2 thru_hole oval (at 0 2.54 90) (size 1.7 1.7) (drill 1) (layers *.Cu *.Mask)
      (net 6 CE))
    (pad 1 thru_hole rect (at 0 0 90) (size 1.7 1.7) (drill 1) (layers *.Cu *.Mask)
      (net 1 GND))
    (model ${KISYS3DMOD}/Pin_Headers.3dshapes/Pin_Header_Straight_1x07_Pitch2.54mm.wrl
      (at (xyz 0 0 0))
      (scale (xyz 1 1 1))
      (rotate (xyz 0 0 0))
    )
  )

  (module odu-pcb:HCMS_DIP-12_W7.62mm_Socket_LongPads (layer F.Cu) (tedit 5D7E06F8) (tstamp 5D7D9C4A)
    (at 113.03 87.63)
    (descr "12-lead though-hole mounted DIP package, row spacing 7.62 mm (300 mils), Socket, LongPads")
    (tags "THT DIP DIL PDIP 2.54mm 7.62mm 300mil Socket LongPads")
    (path /top/5520316626861320423)
    (fp_text reference U9 (at -8.89 0 270) (layer F.SilkS)
      (effects (font (size 1 1) (thickness 0.15)))
    )
    (fp_text value HCMS (at 1.27 7.62) (layer F.Fab)
      (effects (font (size 1 1) (thickness 0.15)))
    )
    (fp_line (start 10.73 -5.715) (end -10.73 -5.715) (layer F.CrtYd) (width 0.12))
    (fp_line (start 10.73 5.715) (end 10.73 -5.715) (layer F.CrtYd) (width 0.12))
    (fp_line (start -10.73 5.715) (end 10.73 5.715) (layer F.CrtYd) (width 0.12))
    (fp_line (start -10.73 -5.715) (end -10.73 5.715) (layer F.CrtYd) (width 0.12))
    (fp_line (start -7.68 1) (end -7.68 2.25) (layer F.SilkS) (width 0.12))
    (fp_line (start -7.68 2.25) (end 7.68 2.25) (layer F.SilkS) (width 0.12))
    (fp_line (start 7.68 2.25) (end 7.68 -2.25) (layer F.SilkS) (width 0.12))
    (fp_line (start -7.68 -2.25) (end -7.68 -1) (layer F.SilkS) (width 0.12))
    (fp_line (start -7.74 5.25) (end 7.74 5.25) (layer F.SilkS) (width 0.12))
    (fp_text user %R (at 0 0 90) (layer F.Fab)
      (effects (font (size 1 1) (thickness 0.15)))
    )
    (pad 1 thru_hole rect (at -6.35 3.81 90) (size 2.4 1.3) (drill 0.8) (layers *.Cu *.Mask)
      (net 15 DOUTU9_TO_DINU10))
    (pad 7 thru_hole oval (at 6.35 -3.81 90) (size 2.4 1.3) (drill 0.8) (layers *.Cu *.Mask)
      (net 6 CE))
    (pad 2 thru_hole oval (at -3.81 3.81 90) (size 2.4 1.3) (drill 0.8) (layers *.Cu *.Mask))
    (pad 8 thru_hole oval (at 3.81 -3.81 90) (size 2.4 1.3) (drill 0.8) (layers *.Cu *.Mask)
      (net 1 GND))
    (pad 3 thru_hole oval (at -1.27 3.81 90) (size 2.4 1.3) (drill 0.8) (layers *.Cu *.Mask)
      (net 2 VCC))
    (pad 9 thru_hole oval (at 1.27 -3.81 90) (size 2.4 1.3) (drill 0.8) (layers *.Cu *.Mask)
      (net 1 GND))
    (pad 4 thru_hole oval (at 1.27 3.81 90) (size 2.4 1.3) (drill 0.8) (layers *.Cu *.Mask)
      (net 14 DOUTU8_TO_DINU9))
    (pad 10 thru_hole oval (at -1.27 -3.81 90) (size 2.4 1.3) (drill 0.8) (layers *.Cu *.Mask)
      (net 2 VCC))
    (pad 5 thru_hole oval (at 3.81 3.81 90) (size 2.4 1.3) (drill 0.8) (layers *.Cu *.Mask)
      (net 3 RS))
    (pad 11 thru_hole oval (at -3.81 -3.81 90) (size 2.4 1.3) (drill 0.8) (layers *.Cu *.Mask)
      (net 2 VCC))
    (pad 6 thru_hole oval (at 6.35 3.81 90) (size 2.4 1.3) (drill 0.8) (layers *.Cu *.Mask)
      (net 4 CLK))
    (pad 12 thru_hole oval (at -6.35 -3.81 90) (size 2.4 1.3) (drill 0.8) (layers *.Cu *.Mask)
      (net 5 RESET))
    (model ${KISYS3DMOD}/Housings_DIP.3dshapes/DIP-12_W7.62mm_Socket.wrl
      (at (xyz 0 0 0))
      (scale (xyz 1 1 1))
